Extract ID	Site	Subspecies	Common name	Total DNA Concentration (ng/ul)	Endogenous DNA (qPCR - pg/ul)	% Endogenous DNA	Average Fragment Size	Sequencing Batch	Capture Pool	Starting DNA  (ug)	Production Reads	Production Bases	Mapped Reads	Percentage Mapped Reads	Unique Reads	Percentage Unique Reads	Reliable Reads	Percentage Reliable Reads	OnTarget Reliable Reads	OnTarget Reliable Bases	Percentage OnTarget Reliable Reads	Percentage OnTarget Reliable Bases	Coverage OnTarget	Enrichment Factor (EF)	Capture Specificity (CSp)	Library Complexity (LC)	Capture Sensitivity (CS) DP1	Capture Sensitivity (CS) DP4	Capture Sensitivity (CS) DP10	Capture Sensitivity (CS) DP50
Extract ID	1	1	1	1	1	1	1	1	0.168545547472305	0.349369179421156	0.0277777777777791	0.672826671843942	0.539837630433253	0.681136694795046	0.955370421782444	0.965216452786273	0.0585932783808378	0.965172876492753	0.159036145383944	0.967533181624578	0.971283809667829	0.176865888723969	0.121339402428642	0.971283809667829	0.176865888723969	0.83345422316956	0.136253518776639	0.890092599232015	0.968405898386295	0.972302787865742	0.969401260265527
Site	1	1	1	1	0.364510308144447	0.3287541641075	0.15346559423829	0.604352765638011	0.0836996654048983	0.190042297971703	0.00363580245492679	0.136975087686425	0.110793265039671	0.135477832048095	0.263965952561809	0.272137442385606	0.012540192638279	0.272804035871075	0.0413114322396698	0.285939788128904	0.287499937397827	0.0414330440658241	0.0270627234334239	0.287499937397827	0.041433044065824	0.16447834048102	0.0389659695679956	0.144754914891904	0.254565063120174	0.390649764930281	0.355159112793184
Subspecies	1	1	1	1	0.109837615265173	0.11830001172385	0.00429422315197919	0.0297065410826046	0.0275780662592017	0.110230708198879	0.000282178461721824	0.0144057230188552	0.0114182499231558	0.0158326995417074	0.00137325487793431	0.0449244585811022	0.00254486536145712	0.0451106477539939	0.00985038596860457	0.0513939381259448	0.0515798159341934	0.0129274188437103	0.0096240272231922	0.0515798159341933	0.0129274188437103	0.0733690444548475	0.00890578021223947	0.0661513047520583	0.0881090811302087	0.113376035050269	0.109115028833402
Common name	1	1	1	1	0.109837615265173	0.11830001172385	0.00429422315197895	0.0297065410826046	0.0275780662592017	0.110230708198879	0.000282178461721818	0.0144057230188555	0.0114182499231561	0.0158326995417077	0.00137325487793431	0.0449244585811024	0.00254486536145712	0.0451106477539941	0.00985038596860454	0.051393938125945	0.0515798159341935	0.0129274188437103	0.0096240272231922	0.0515798159341934	0.0129274188437103	0.0733690444548476	0.00890578021223943	0.0661513047520591	0.088109081130209	0.113376035050269	0.109115028833402
Total DNA Concentration (ng/ul)	1	0.603746890794849	0.331417584423598	0.331417584423599	1	0.966946005356701	0.00892620572535204	0.0188312755249051	0.0410267814304659	0.114786249453006	-0.022870481594243	-0.00893896176172165	0.00300896827966743	-0.00866218763766319	-0.0337056226891618	0.0347091600476633	0.0685614915152793	0.034433413296003	0.091098959813239	0.0278218609650238	0.0305267285827094	0.0661890831734983	0.0599231389172529	0.0305267285827094	0.0661890831734983	-0.113472870425415	0.0500716649915048	0.168827695237106	0.184440954829897	0.127466181023594	0.124483057611168
Endogenous DNA (qPCR - pg/ul)	1	0.57337087832179	0.343947687481469	0.343947687481469	0.966946005356701	1	0.228414249276168	0.0174688214869279	0.00299111075272531	0.0766353125474892	0.00378024489161042	0.043112244366516	0.047168310594366	0.0418763153715556	-0.0403058739237614	0.110985807324002	0.075226261736482	0.110615542311713	0.0969056686075166	0.103900430843001	0.106390992474859	0.0751588661071641	0.0687729247548161	0.106390992474859	0.0751588661071641	-0.121799518237846	0.057102590735404	0.226594379490667	0.233872792602584	0.17791640101323	0.167246928819651
% Endogenous DNA	1	0.391746849685214	0.0655303223857413	0.0655303223857395	0.00892620572535204	0.228414249276168	1	-0.0732950631765181	0.16782766639014	0.875979365288905	0.127669340754087	0.242870233028551	0.20341914611067	0.236207367247828	-0.0126555974216883	0.325580875678234	0.0203110106663965	0.324770212948529	0.00856895195534074	0.312675083870931	0.312692383095754	0.0155890031418433	0.0135755144431383	0.312692383095754	0.0155890031418433	-0.122088687621105	0.0245990873033994	0.338574523573249	0.28623926353916	0.293669905834722	0.275921198783845
Average Fragment Size	1	0.777401289964206	0.17235585595681	0.17235585595681	0.0188312755249051	0.0174688214869279	-0.0732950631765181	1	0.0121982880154054	0.0831686901388843	-0.00349678161697574	0.0337450398978352	0.0297427388929454	0.0302284889481646	-0.111022038107249	0.0862335799170915	0.0762607038891459	0.0857724872250814	0.0943692769079328	0.0693441080309677	0.0669431007267109	0.0562785822225211	0.060074172332508	0.0669431007267109	0.0562785822225211	-0.220296485597054	0.0627098389815336	0.153597085248289	0.15885636061427	0.133906994215402	0.139010708324842
Sequencing Batch	0.168545547472305	0.0836996654048983	0.0275780662592017	0.0275780662592017	0.00168319679454322	8.94674353506895e-06	0.0281661256059602	0.000148798230506783	1	1	1	0.050264200330526	0.103728136627429	0.0485625278988311	0.009309085197157	0.0412485301383185	0.923418495952611	0.0412309161918092	0.783085747696969	0.0418994476067012	0.0362322265763502	0.76261729980378	0.830366803451756	0.0362322265763502	0.76261729980378	0.0522251855593655	0.822673995135681	0.0524024271509846	0.0303182188553303	0.00643354856459655	0.0100397819941012
Capture Pool	0.349369179421156	0.190042297971703	0.110230708198879	0.110230708198879	0.0131758830634876	0.00587297112925135	0.767339848411953	0.00691703101941775	1	1	1	0.568078137336235	0.576195902507989	0.533673987873659	0.054200771412076	0.230586014796388	0.939505055135091	0.229204125733842	0.843267889637425	0.204787767980839	0.19837888674749	0.822936559154928	0.871749327371719	0.19837888674749	0.822936559154928	0.164597394961193	0.88097248852755	0.277830551604985	0.20848339660954	0.0470249694287932	0.0825304726607052
Starting DNA  (ug)	0.166666666666671	0.0602976156653544	0.0167981684037821	0.0167981684037819	-0.022870481594243	0.00378024489161042	0.127669340754087	-0.00349678161697574	1	1	1	-0.364166008729435	-0.490825749817199	-0.364628083180099	-0.0890776857670336	0.240792130401952	0.776233735511113	0.24099749682447	0.744761331260282	0.252754724513606	0.23391236726146	0.739935220331117	0.743426449513917	0.23391236726146	0.739935220331117	0.111873358666493	0.773717996835271	0.211938148038222	0.278656679049166	0.269674359792593	0.149573831781871
Production Reads	0.820260124499504	0.370101455936645	0.120023843543086	0.120023843543087	-0.00893896176172165	0.043112244366516	0.242870233028551	0.0337450398978352	0.224196789295757	0.753709584214129	-0.364166008729435	1	0.910257650809225	0.99833140115257	0.321943225318163	0.719628142002241	-0.474023416674936	0.719617459025133	-0.450696725277177	0.699871824818898	0.712707972023131	-0.433579719764966	-0.341451574167493	0.712707972023131	-0.433579719764966	-0.0686136803328651	-0.522998703456375	0.340683632466964	0.285130008803212	0.301947987593877	0.307733246959743
Production Bases	0.734736436032169	0.332856222774445	0.106856211439278	0.10685621143928	0.00300896827966743	0.047168310594366	0.20341914611067	0.0297427388929454	0.322068527843732	0.759075689577784	-0.490825749817199	0.910257650809225	1	0.91483201942987	0.396437679106788	0.5315974728185	-0.594005165219431	0.531419971045023	-0.568750196453786	0.519987131121423	0.534481904088741	-0.541309326218471	-0.591669907512126	0.534481904088741	-0.541309326218471	0.00920461742923606	-0.648850747921391	0.222465191470793	0.164756227715982	0.174916315031853	0.207656694942528
Mapped Reads	0.82531005979271	0.368073134102579	0.125828055463428	0.125828055463429	-0.00866218763766319	0.0418763153715556	0.236207367247828	0.0302284889481646	0.220369072010641	0.730529936329552	-0.364628083180099	0.99833140115257	0.91483201942987	1	0.357099875769303	0.720992892327712	-0.472962309429556	0.721089039121678	-0.449049492383962	0.702133739779524	0.71519094256066	-0.430487408776107	-0.343837576016059	0.71519094256066	-0.430487408776107	-0.0548525677254524	-0.524841517007402	0.339420986749616	0.283837470763066	0.299462425415726	0.303549541380516
Percentage Mapped Reads	0.977430520181585	0.513776169709932	0.0370574537432662	0.0370574537432661	-0.0337056226891618	-0.0403058739237614	-0.0126555974216883	-0.111022038107249	0.0964836006643461	0.232810591279856	-0.0890776857670336	0.321943225318163	0.396437679106788	0.357099875769303	1	0.273426895668608	-0.13280892242248	0.275823991378016	-0.105322649534458	0.3063684719049	0.313446987546679	-0.049652217734687	-0.122788289895732	0.313446987546679	-0.049652217734687	0.414413226183073	-0.233245137139637	0.0217291754364664	0.012008595691267	0.00687754037747378	-0.0590843735027666
Unique Reads	0.982454300609587	0.52166794264705	0.21195390673706	0.21195390673706	0.0347091600476633	0.110985807324002	0.325580875678234	0.0862335799170915	0.203097341534345	0.480193726319272	0.240792130401952	0.719628142002241	0.5315974728185	0.720992892327712	0.273426895668608	1	0.15262748849166	0.99996774562681	0.17170728560549	0.991809649070365	0.990543869878868	0.1869011497965	0.255416423474856	0.990543869878868	0.1869011497965	0.0506128639068839	0.107671671846883	0.56818831294631	0.571325028684881	0.582125297958637	0.510491682555733
Percentage Unique Reads	0.242060484963651	0.111983001559518	0.0504466585757384	0.0504466585757384	0.0685614915152793	0.075226261736482	0.0203110106663965	0.0762607038891459	0.960946666549508	0.969280689550293	0.776233735511113	-0.474023416674936	-0.594005165219431	-0.472962309429556	-0.13280892242248	0.15262748849166	1	0.152587838211242	0.985614960441141	0.173767045768545	0.157536530005531	0.972725332235452	0.891918266185686	0.157536530005531	0.972725332235452	0.192161899696295	0.980418513845857	0.200945361297259	0.26757109061944	0.265379704894102	0.200943947259442
Reliable Reads	0.982432123096936	0.522306457811001	0.212392673494153	0.212392673494153	0.034433413296003	0.110615542311713	0.324770212948529	0.0857724872250814	0.20305397359276	0.478752676999139	0.24099749682447	0.719617459025133	0.531419971045023	0.721089039121678	0.275823991378016	0.99996774562681	0.152587838211242	1	0.17169434276784	0.991985096425168	0.990717981870475	0.187093032500698	0.255806352139276	0.990717981870475	0.187093032500698	0.0525043671804973	0.107502182306237	0.567699772185513	0.570451386784584	0.580987036418112	0.508934942861891
Percentage Reliable Reads	0.398793361760127	0.203252139569722	0.0992491106690865	0.0992491106690863	0.091098959813239	0.0969056686075166	0.00856895195534074	0.0943692769079328	0.884921322885243	0.91829618840406	0.744761331260282	-0.450696725277177	-0.568750196453786	-0.449049492383962	-0.105322649534458	0.17170728560549	0.985614960441141	0.17169434276784	1	0.193091524146507	0.177024335669019	0.988978454695035	0.906235715370154	0.177024335669019	0.988978454695035	0.217274497247798	0.962421189931623	0.218455171660034	0.284418049719031	0.280177926696251	0.212167192676383
OnTarget Reliable Reads	0.98363264566838	0.534733380413925	0.226702311690783	0.226702311690783	0.0278218609650238	0.103900430843001	0.312675083870931	0.0693441080309677	0.204693545591211	0.452534825158063	0.252754724513606	0.699871824818898	0.519987131121423	0.702133739779524	0.3063684719049	0.991809649070365	0.173767045768545	0.991985096425168	0.193091524146507	1	0.999002528321833	0.219263996292185	0.273079698912617	0.999002528321833	0.219263996292185	0.139811408474518	0.127148998974229	0.548788026519258	0.558286038884045	0.568667391703892	0.501618607895423
OnTarget Reliable Bases	0.985537320281596	0.53619020636135	0.227111901788949	0.22711190178895	0.0305267285827094	0.106390992474859	0.312692383095754	0.0669431007267109	0.190347646626771	0.445397448070248	0.23391236726146	0.712707972023131	0.534481904088741	0.71519094256066	0.313446987546679	0.990543869878868	0.157536530005531	0.990717981870475	0.177024335669019	0.999002528321833	1	0.203409236060782	0.25859164353862	1	0.203409236060782	0.138570649433106	0.110238365479766	0.548597096479667	0.554915689443488	0.565460339836829	0.501400427166127
Percentage OnTarget Reliable Reads	0.420554263709178	0.203551084658923	0.113698807573828	0.113698807573828	0.0661890831734983	0.0751588661071641	0.0155890031418433	0.0562785822225211	0.873279622917986	0.907158508285585	0.739935220331117	-0.433579719764966	-0.541309326218471	-0.430487408776107	-0.049652217734687	0.1869011497965	0.972725332235452	0.187093032500698	0.988978454695035	0.219263996292185	0.203409236060782	1	0.898357841520911	0.203409236060782	1	0.327910695241987	0.945450869912771	0.191049431984053	0.261167773142801	0.26252865814225	0.199188047570192
Percentage OnTarget Reliable Bases	0.348338057680527	0.164507517862935	0.0981021264967901	0.0981021264967901	0.0599231389172529	0.0687729247548161	0.0135755144431383	0.060074172332508	0.911244645225285	0.933675172301223	0.743426449513917	-0.341451574167493	-0.591669907512126	-0.343837576016059	-0.122788289895732	0.255416423474856	0.891918266185686	0.255806352139276	0.906235715370154	0.273079698912617	0.25859164353862	0.898357841520911	1	0.25859164353862	0.898357841520911	0.170817927761298	0.871946029599653	0.244762413670759	0.306652210401346	0.30778361958713	0.212741278609094
Coverage OnTarget	0.985537320281596	0.53619020636135	0.227111901788949	0.227111901788949	0.0305267285827094	0.106390992474859	0.312692383095754	0.0669431007267109	0.190347646626771	0.445397448070248	0.23391236726146	0.712707972023131	0.534481904088741	0.71519094256066	0.313446987546679	0.990543869878868	0.157536530005531	0.990717981870475	0.177024335669019	0.999002528321833	1	0.203409236060782	0.25859164353862	1	0.203409236060782	0.138570649433106	0.110238365479766	0.548597096479667	0.554915689443488	0.565460339836829	0.501400427166127
Enrichment Factor (EF)	0.420554263709178	0.203551084658923	0.113698807573828	0.113698807573828	0.0661890831734983	0.0751588661071641	0.0155890031418433	0.0562785822225211	0.873279622917986	0.907158508285585	0.739935220331117	-0.433579719764966	-0.541309326218471	-0.430487408776107	-0.049652217734687	0.1869011497965	0.972725332235452	0.187093032500698	0.988978454695035	0.219263996292185	0.203409236060782	1	0.898357841520911	0.203409236060782	1	0.327910695241987	0.945450869912771	0.191049431984053	0.261167773142801	0.26252865814225	0.199188047570192
Capture Specificity (CSp)	0.912937140864343	0.405559293422084	0.270867208157148	0.270867208157148	-0.113472870425415	-0.121799518237846	-0.122088687621105	-0.220296485597054	0.2285283036286	0.405706045014359	0.111873358666493	-0.0686136803328651	0.00920461742923606	-0.0548525677254524	0.414413226183073	0.0506128639068839	0.192161899696295	0.0525043671804973	0.217274497247798	0.139811408474518	0.138570649433106	0.327910695241987	0.170817927761298	0.138570649433106	0.327910695241987	1	0.137725968078032	-0.135647101821304	-0.0850249252448169	-0.0535499615279503	-0.067335953042269
Library Complexity (LC)	0.369125342907581	0.19739799788244	0.0943704414117019	0.0943704414117018	0.0500716649915048	0.057102590735404	0.0245990873033994	0.0627098389815336	0.907013778911699	0.938601346966618	0.773717996835271	-0.522998703456375	-0.648850747921391	-0.524841517007402	-0.233245137139637	0.107671671846883	0.980418513845857	0.107502182306237	0.962421189931623	0.127148998974229	0.110238365479766	0.945450869912771	0.871946029599653	0.110238365479766	0.945450869912771	0.137725968078032	1	0.168458222471766	0.238091095015896	0.235724607076319	0.181777074998602
Capture Sensitivity (CS) DP1	0.943447189423984	0.380466706679972	0.257198959469237	0.257198959469239	0.168827695237106	0.226594379490667	0.338574523573249	0.153597085248289	0.228915764312956	0.527096339965461	0.211938148038222	0.340683632466964	0.222465191470793	0.339420986749616	0.0217291754364664	0.56818831294631	0.200945361297259	0.567699772185513	0.218455171660034	0.548788026519258	0.548597096479667	0.191049431984053	0.244762413670759	0.548597096479667	0.191049431984053	-0.135647101821304	0.168458222471766	1	0.952068132768996	0.924635396308929	0.844498521882752
Capture Sensitivity (CS) DP4	0.984076164931503	0.504544411444794	0.296831738751449	0.29683173875145	0.184440954829897	0.233872792602584	0.28623926353916	0.15885636061427	0.174121276285612	0.45659982107918	0.278656679049166	0.285130008803212	0.164756227715982	0.283837470763066	0.012008595691267	0.571325028684881	0.26757109061944	0.570451386784584	0.284418049719031	0.558286038884045	0.554915689443488	0.261167773142801	0.306652210401346	0.554915689443488	0.261167773142801	-0.0850249252448169	0.238091095015896	0.952068132768996	1	0.979158536692679	0.888658164918908
Capture Sensitivity (CS) DP10	0.986054150574775	0.625019811630224	0.336713580139366	0.336713580139366	0.127466181023594	0.17791640101323	0.293669905834722	0.133906994215402	0.0802094044647917	0.216852413933517	0.269674359792593	0.301947987593877	0.174916315031853	0.299462425415726	0.00687754037747378	0.582125297958637	0.265379704894102	0.580987036418112	0.280177926696251	0.568667391703892	0.565460339836829	0.26252865814225	0.30778361958713	0.565460339836829	0.26252865814225	-0.0535499615279503	0.235724607076319	0.924635396308929	0.979158536692679	1	0.916192709865993
Capture Sensitivity (CS) DP50	0.984581769212454	0.59595227392232	0.330325640593343	0.330325640593343	0.124483057611168	0.167246928819651	0.275921198783845	0.139010708324842	0.100198712537144	0.287281173522918	0.149573831781871	0.307733246959743	0.207656694942528	0.303549541380516	-0.0590843735027666	0.510491682555733	0.200943947259442	0.508934942861891	0.212167192676383	0.501618607895423	0.501400427166127	0.199188047570192	0.212741278609094	0.501400427166127	0.199188047570192	-0.067335953042269	0.181777074998602	0.844498521882752	0.888658164918908	0.916192709865993	1
